14 9 8 0 
18 9 8 0 
19 9 8 0 
14 10 8 0 
15 10 8 0 
16 10 8 0 
17 10 8 0 
18 10 8 0 
19 10 8 0 
20 10 8 0 
21 10 8 0 
18 11 8 0 
20 11 8 0 
13 13 8 0 
22 13 8 0 
14 14 8 0 
15 14 8 0 
22 14 8 0 
15 15 8 0 
16 15 8 0 
18 15 8 0 
23 16 8 0 
23 18 8 0 
23 19 8 0 
23 20 8 0 
24 20 8 0 
23 21 8 0 
23 23 8 0 
23 24 8 0 
23 25 8 0 
23 26 8 0 
23 28 8 0 
22 29 8 0 
23 29 8 0 
24 29 8 0 
23 30 8 0 
22 31 8 0 
23 31 8 0 
23 33 8 0 
23 34 8 0 
23 35 8 0 
22 37 8 0 
23 37 8 0 
22 38 8 0 
23 38 8 0 
23 39 8 0 
21 40 8 0 
22 40 8 0 
23 40 8 0 
21 42 8 0 
19 43 8 0 
20 43 8 0 
21 43 8 0 
19 45 8 0 
20 45 8 0 
21 45 8 0 
17 8 9 0 
19 8 9 0 
23 8 9 0 
24 8 9 0 
14 9 9 0 
23 9 9 0 
24 9 9 0 
14 10 9 0 
15 10 9 0 
17 10 9 0 
18 10 9 0 
20 10 9 0 
23 10 9 0 
24 10 9 0 
25 10 9 0 
20 11 9 0 
23 11 9 0 
24 11 9 0 
14 13 9 0 
15 13 9 0 
23 13 9 0 
24 13 9 0 
25 13 9 0 
14 14 9 0 
15 14 9 0 
23 14 9 0 
24 14 9 0 
13 15 9 0 
14 15 9 0 
15 15 9 0 
18 15 9 0 
19 15 9 0 
22 15 9 0 
23 15 9 0 
24 15 9 0 
25 15 9 0 
13 16 9 0 
14 16 9 0 
15 16 9 0 
16 16 9 0 
23 16 9 0 
24 16 9 0 
15 18 9 0 
17 18 9 0 
18 18 9 0 
23 18 9 0 
24 18 9 0 
14 19 9 0 
15 19 9 0 
17 19 9 0 
18 19 9 0 
19 19 9 0 
23 19 9 0 
24 19 9 0 
14 20 9 0 
19 20 9 0 
20 20 9 0 
21 20 9 0 
23 20 9 0 
24 20 9 0 
23 21 9 0 
24 21 9 0 
23 23 9 0 
24 23 9 0 
23 24 9 0 
24 24 9 0 
23 25 9 0 
24 25 9 0 
23 26 9 0 
24 26 9 0 
23 28 9 0 
24 28 9 0 
23 29 9 0 
24 29 9 0 
22 30 9 0 
23 30 9 0 
24 30 9 0 
22 31 9 0 
23 31 9 0 
22 33 9 0 
23 33 9 0 
24 33 9 0 
16 34 9 0 
22 34 9 0 
23 34 9 0 
24 34 9 0 
16 35 9 0 
17 35 9 0 
18 35 9 0 
23 35 9 0 
24 35 9 0 
18 37 9 0 
23 37 9 0 
24 37 9 0 
22 38 9 0 
23 38 9 0 
24 38 9 0 
23 39 9 0 
23 40 9 0 
24 40 9 0 
22 42 9 0 
23 42 9 0 
22 43 9 0 
23 43 9 0 
21 45 9 0 
23 45 9 0 
20 47 9 0 
21 47 9 0 
19 48 9 0 
20 48 9 0 
21 48 9 0 
23 8 10 0 
24 8 10 0 
23 9 10 0 
24 9 10 0 
25 9 10 0 
14 10 10 0 
20 10 10 0 
21 10 10 0 
23 10 10 0 
24 10 10 0 
25 10 10 0 
20 11 10 0 
23 11 10 0 
24 11 10 0 
14 13 10 0 
23 13 10 0 
24 13 10 0 
14 14 10 0 
23 14 10 0 
24 14 10 0 
13 15 10 0 
14 15 10 0 
15 15 10 0 
18 15 10 0 
22 15 10 0 
23 15 10 0 
24 15 10 0 
13 16 10 0 
14 16 10 0 
16 16 10 0 
18 16 10 0 
22 16 10 0 
23 16 10 0 
24 16 10 0 
25 16 10 0 
13 18 10 0 
14 18 10 0 
15 18 10 0 
16 18 10 0 
17 18 10 0 
18 18 10 0 
19 18 10 0 
22 18 10 0 
23 18 10 0 
24 18 10 0 
25 18 10 0 
13 19 10 0 
14 19 10 0 
15 19 10 0 
16 19 10 0 
17 19 10 0 
18 19 10 0 
19 19 10 0 
23 19 10 0 
24 19 10 0 
13 20 10 0 
14 20 10 0 
15 20 10 0 
16 20 10 0 
17 20 10 0 
18 20 10 0 
19 20 10 0 
20 20 10 0 
21 20 10 0 
22 20 10 0 
23 20 10 0 
24 20 10 0 
13 21 10 0 
14 21 10 0 
16 21 10 0 
17 21 10 0 
18 21 10 0 
21 21 10 0 
23 21 10 0 
24 21 10 0 
13 23 10 0 
14 23 10 0 
16 23 10 0 
18 23 10 0 
20 23 10 0 
21 23 10 0 
23 23 10 0 
24 23 10 0 
14 24 10 0 
23 24 10 0 
24 24 10 0 
13 25 10 0 
15 25 10 0 
16 25 10 0 
17 25 10 0 
18 25 10 0 
19 25 10 0 
20 25 10 0 
23 25 10 0 
24 25 10 0 
15 26 10 0 
16 26 10 0 
17 26 10 0 
18 26 10 0 
22 26 10 0 
23 26 10 0 
24 26 10 0 
15 28 10 0 
16 28 10 0 
17 28 10 0 
18 28 10 0 
19 28 10 0 
20 28 10 0 
21 28 10 0 
22 28 10 0 
23 28 10 0 
24 28 10 0 
16 29 10 0 
17 29 10 0 
18 29 10 0 
19 29 10 0 
20 29 10 0 
21 29 10 0 
22 29 10 0 
23 29 10 0 
14 30 10 0 
15 30 10 0 
16 30 10 0 
17 30 10 0 
18 30 10 0 
19 30 10 0 
20 30 10 0 
21 30 10 0 
22 30 10 0 
23 30 10 0 
24 30 10 0 
14 31 10 0 
15 31 10 0 
16 31 10 0 
17 31 10 0 
18 31 10 0 
19 31 10 0 
20 31 10 0 
21 31 10 0 
22 31 10 0 
23 31 10 0 
15 33 10 0 
16 33 10 0 
17 33 10 0 
18 33 10 0 
19 33 10 0 
20 33 10 0 
21 33 10 0 
22 33 10 0 
23 33 10 0 
24 33 10 0 
14 34 10 0 
15 34 10 0 
16 34 10 0 
17 34 10 0 
18 34 10 0 
19 34 10 0 
20 34 10 0 
21 34 10 0 
22 34 10 0 
23 34 10 0 
24 34 10 0 
15 35 10 0 
16 35 10 0 
17 35 10 0 
18 35 10 0 
19 35 10 0 
20 35 10 0 
21 35 10 0 
22 35 10 0 
23 35 10 0 
24 35 10 0 
15 37 10 0 
16 37 10 0 
17 37 10 0 
18 37 10 0 
19 37 10 0 
20 37 10 0 
21 37 10 0 
22 37 10 0 
23 37 10 0 
24 37 10 0 
15 38 10 0 
16 38 10 0 
17 38 10 0 
18 38 10 0 
19 38 10 0 
20 38 10 0 
21 38 10 0 
22 38 10 0 
23 38 10 0 
24 38 10 0 
16 39 10 0 
17 39 10 0 
18 39 10 0 
22 39 10 0 
23 39 10 0 
24 39 10 0 
22 40 10 0 
23 40 10 0 
24 40 10 0 
23 42 10 0 
24 42 10 0 
22 43 10 0 
23 43 10 0 
22 45 10 0 
23 45 10 0 
20 48 10 0 
21 48 10 0 
19 50 10 0 
20 50 10 0 
20 52 10 0 
23 8 11 0 
24 8 11 0 
23 9 11 0 
24 9 11 0 
25 9 11 0 
14 10 11 0 
20 10 11 0 
23 10 11 0 
24 10 11 0 
23 11 11 0 
24 11 11 0 
14 13 11 0 
15 13 11 0 
23 13 11 0 
24 13 11 0 
22 14 11 0 
23 14 11 0 
24 14 11 0 
14 15 11 0 
22 15 11 0 
23 15 11 0 
24 15 11 0 
18 16 11 0 
22 16 11 0 
23 16 11 0 
24 16 11 0 
14 18 11 0 
17 18 11 0 
18 18 11 0 
22 18 11 0 
23 18 11 0 
24 18 11 0 
10 19 11 0 
13 19 11 0 
14 19 11 0 
16 19 11 0 
17 19 11 0 
23 19 11 0 
24 19 11 0 
13 20 11 0 
14 20 11 0 
15 20 11 0 
18 20 11 0 
19 20 11 0 
20 20 11 0 
21 20 11 0 
22 20 11 0 
23 20 11 0 
24 20 11 0 
14 21 11 0 
15 21 11 0 
16 21 11 0 
17 21 11 0 
18 21 11 0 
19 21 11 0 
20 21 11 0 
21 21 11 0 
22 21 11 0 
23 21 11 0 
24 21 11 0 
13 23 11 0 
14 23 11 0 
15 23 11 0 
16 23 11 0 
17 23 11 0 
18 23 11 0 
19 23 11 0 
20 23 11 0 
21 23 11 0 
22 23 11 0 
23 23 11 0 
24 23 11 0 
13 24 11 0 
14 24 11 0 
15 24 11 0 
16 24 11 0 
17 24 11 0 
18 24 11 0 
19 24 11 0 
20 24 11 0 
21 24 11 0 
22 24 11 0 
23 24 11 0 
24 24 11 0 
14 25 11 0 
15 25 11 0 
16 25 11 0 
17 25 11 0 
18 25 11 0 
19 25 11 0 
20 25 11 0 
21 25 11 0 
22 25 11 0 
23 25 11 0 
24 25 11 0 
15 26 11 0 
16 26 11 0 
17 26 11 0 
18 26 11 0 
19 26 11 0 
20 26 11 0 
21 26 11 0 
22 26 11 0 
23 26 11 0 
24 26 11 0 
14 28 11 0 
16 28 11 0 
17 28 11 0 
18 28 11 0 
19 28 11 0 
20 28 11 0 
21 28 11 0 
22 28 11 0 
23 28 11 0 
24 28 11 0 
15 29 11 0 
16 29 11 0 
17 29 11 0 
18 29 11 0 
19 29 11 0 
20 29 11 0 
21 29 11 0 
22 29 11 0 
23 29 11 0 
14 30 11 0 
15 30 11 0 
16 30 11 0 
17 30 11 0 
18 30 11 0 
19 30 11 0 
20 30 11 0 
21 30 11 0 
22 30 11 0 
23 30 11 0 
15 31 11 0 
16 31 11 0 
17 31 11 0 
18 31 11 0 
19 31 11 0 
20 31 11 0 
21 31 11 0 
22 31 11 0 
23 31 11 0 
15 33 11 0 
16 33 11 0 
17 33 11 0 
18 33 11 0 
19 33 11 0 
20 33 11 0 
21 33 11 0 
22 33 11 0 
23 33 11 0 
24 33 11 0 
15 34 11 0 
16 34 11 0 
17 34 11 0 
18 34 11 0 
19 34 11 0 
20 34 11 0 
21 34 11 0 
22 34 11 0 
23 34 11 0 
24 34 11 0 
15 35 11 0 
16 35 11 0 
17 35 11 0 
18 35 11 0 
19 35 11 0 
20 35 11 0 
21 35 11 0 
22 35 11 0 
23 35 11 0 
24 35 11 0 
15 37 11 0 
16 37 11 0 
17 37 11 0 
18 37 11 0 
19 37 11 0 
20 37 11 0 
21 37 11 0 
22 37 11 0 
23 37 11 0 
24 37 11 0 
15 38 11 0 
16 38 11 0 
17 38 11 0 
18 38 11 0 
19 38 11 0 
20 38 11 0 
21 38 11 0 
22 38 11 0 
23 38 11 0 
24 38 11 0 
16 39 11 0 
17 39 11 0 
18 39 11 0 
19 39 11 0 
20 39 11 0 
21 39 11 0 
22 39 11 0 
23 39 11 0 
24 39 11 0 
15 40 11 0 
16 40 11 0 
17 40 11 0 
18 40 11 0 
19 40 11 0 
20 40 11 0 
21 40 11 0 
22 40 11 0 
23 40 11 0 
24 40 11 0 
22 42 11 0 
23 42 11 0 
24 42 11 0 
22 43 11 0 
23 43 11 0 
22 45 11 0 
23 45 11 0 
15 47 11 0 
16 47 11 0 
22 47 11 0 
23 47 11 0 
21 48 11 0 
22 48 11 0 
23 48 11 0 
20 50 11 0 
21 50 11 0 
13 52 11 0 
19 52 11 0 
20 52 11 0 
21 52 11 0 
13 53 11 0 
19 53 11 0 
20 53 11 0 
21 53 11 0 
23 8 12 0 
24 8 12 0 
23 9 12 0 
24 9 12 0 
23 10 12 0 
24 10 12 0 
23 11 12 0 
24 11 12 0 
22 13 12 0 
23 13 12 0 
24 13 12 0 
22 14 12 0 
23 14 12 0 
24 14 12 0 
22 15 12 0 
23 15 12 0 
24 15 12 0 
14 16 12 0 
22 16 12 0 
23 16 12 0 
24 16 12 0 
13 18 12 0 
14 18 12 0 
18 18 12 0 
22 18 12 0 
23 18 12 0 
24 18 12 0 
20 19 12 0 
21 19 12 0 
22 19 12 0 
23 19 12 0 
24 19 12 0 
14 20 12 0 
15 20 12 0 
17 20 12 0 
18 20 12 0 
19 20 12 0 
22 20 12 0 
23 20 12 0 
24 20 12 0 
14 21 12 0 
16 21 12 0 
17 21 12 0 
18 21 12 0 
19 21 12 0 
20 21 12 0 
21 21 12 0 
22 21 12 0 
23 21 12 0 
24 21 12 0 
14 23 12 0 
15 23 12 0 
16 23 12 0 
17 23 12 0 
18 23 12 0 
19 23 12 0 
20 23 12 0 
21 23 12 0 
22 23 12 0 
23 23 12 0 
24 23 12 0 
15 24 12 0 
16 24 12 0 
17 24 12 0 
18 24 12 0 
19 24 12 0 
20 24 12 0 
21 24 12 0 
22 24 12 0 
23 24 12 0 
24 24 12 0 
15 25 12 0 
16 25 12 0 
17 25 12 0 
18 25 12 0 
19 25 12 0 
20 25 12 0 
21 25 12 0 
22 25 12 0 
23 25 12 0 
14 26 12 0 
15 26 12 0 
16 26 12 0 
17 26 12 0 
18 26 12 0 
19 26 12 0 
20 26 12 0 
21 26 12 0 
22 26 12 0 
23 26 12 0 
24 26 12 0 
15 28 12 0 
16 28 12 0 
17 28 12 0 
18 28 12 0 
19 28 12 0 
20 28 12 0 
21 28 12 0 
22 28 12 0 
23 28 12 0 
15 29 12 0 
16 29 12 0 
17 29 12 0 
18 29 12 0 
19 29 12 0 
20 29 12 0 
21 29 12 0 
22 29 12 0 
23 29 12 0 
15 30 12 0 
16 30 12 0 
17 30 12 0 
18 30 12 0 
19 30 12 0 
20 30 12 0 
21 30 12 0 
22 30 12 0 
23 30 12 0 
24 30 12 0 
15 31 12 0 
16 31 12 0 
17 31 12 0 
18 31 12 0 
19 31 12 0 
20 31 12 0 
21 31 12 0 
22 31 12 0 
23 31 12 0 
15 33 12 0 
16 33 12 0 
17 33 12 0 
18 33 12 0 
19 33 12 0 
20 33 12 0 
21 33 12 0 
22 33 12 0 
23 33 12 0 
24 33 12 0 
16 34 12 0 
17 34 12 0 
18 34 12 0 
19 34 12 0 
20 34 12 0 
21 34 12 0 
22 34 12 0 
23 34 12 0 
15 35 12 0 
16 35 12 0 
17 35 12 0 
18 35 12 0 
19 35 12 0 
20 35 12 0 
21 35 12 0 
22 35 12 0 
23 35 12 0 
15 37 12 0 
16 37 12 0 
17 37 12 0 
18 37 12 0 
19 37 12 0 
20 37 12 0 
21 37 12 0 
22 37 12 0 
23 37 12 0 
16 38 12 0 
17 38 12 0 
18 38 12 0 
19 38 12 0 
20 38 12 0 
21 38 12 0 
22 38 12 0 
23 38 12 0 
15 39 12 0 
16 39 12 0 
17 39 12 0 
18 39 12 0 
19 39 12 0 
20 39 12 0 
21 39 12 0 
22 39 12 0 
23 39 12 0 
15 40 12 0 
16 40 12 0 
17 40 12 0 
18 40 12 0 
19 40 12 0 
20 40 12 0 
21 40 12 0 
22 40 12 0 
23 40 12 0 
24 40 12 0 
22 42 12 0 
23 42 12 0 
22 43 12 0 
23 43 12 0 
25 43 12 0 
14 45 12 0 
15 45 12 0 
16 45 12 0 
23 45 12 0 
24 45 12 0 
14 47 12 0 
15 47 12 0 
16 47 12 0 
23 47 12 0 
24 47 12 0 
15 48 12 0 
16 48 12 0 
17 48 12 0 
18 48 12 0 
21 48 12 0 
22 48 12 0 
23 48 12 0 
13 50 12 0 
14 50 12 0 
15 50 12 0 
16 50 12 0 
21 50 12 0 
23 50 12 0 
8 52 12 0 
12 52 12 0 
13 52 12 0 
20 52 12 0 
21 52 12 0 
11 53 12 0 
12 53 12 0 
13 53 12 0 
14 53 12 0 
15 53 12 0 
19 53 12 0 
20 53 12 0 
21 53 12 0 
12 55 12 0 
13 55 12 0 
14 55 12 0 
15 55 12 0 
16 55 12 0 
17 55 12 0 
18 55 12 0 
19 55 12 0 
20 55 12 0 
21 55 12 0 
23 9 13 0 
24 9 13 0 
23 10 13 0 
24 10 13 0 
23 11 13 0 
24 11 13 0 
22 13 13 0 
23 13 13 0 
24 13 13 0 
22 14 13 0 
23 14 13 0 
24 14 13 0 
22 15 13 0 
23 15 13 0 
24 15 13 0 
22 16 13 0 
23 16 13 0 
24 16 13 0 
23 18 13 0 
24 18 13 0 
12 19 13 0 
22 19 13 0 
23 19 13 0 
24 19 13 0 
14 20 13 0 
15 20 13 0 
17 20 13 0 
22 20 13 0 
23 20 13 0 
24 20 13 0 
10 21 13 0 
14 21 13 0 
15 21 13 0 
16 21 13 0 
17 21 13 0 
18 21 13 0 
19 21 13 0 
20 21 13 0 
21 21 13 0 
22 21 13 0 
23 21 13 0 
24 21 13 0 
13 23 13 0 
14 23 13 0 
15 23 13 0 
16 23 13 0 
17 23 13 0 
18 23 13 0 
19 23 13 0 
20 23 13 0 
21 23 13 0 
22 23 13 0 
23 23 13 0 
24 23 13 0 
15 24 13 0 
16 24 13 0 
17 24 13 0 
18 24 13 0 
19 24 13 0 
20 24 13 0 
21 24 13 0 
22 24 13 0 
23 24 13 0 
15 25 13 0 
16 25 13 0 
17 25 13 0 
18 25 13 0 
19 25 13 0 
20 25 13 0 
21 25 13 0 
22 25 13 0 
23 25 13 0 
11 26 13 0 
14 26 13 0 
15 26 13 0 
16 26 13 0 
17 26 13 0 
18 26 13 0 
19 26 13 0 
20 26 13 0 
21 26 13 0 
22 26 13 0 
23 26 13 0 
15 28 13 0 
16 28 13 0 
17 28 13 0 
18 28 13 0 
19 28 13 0 
20 28 13 0 
21 28 13 0 
22 28 13 0 
23 28 13 0 
14 29 13 0 
15 29 13 0 
16 29 13 0 
17 29 13 0 
18 29 13 0 
19 29 13 0 
20 29 13 0 
21 29 13 0 
22 29 13 0 
23 29 13 0 
14 30 13 0 
15 30 13 0 
16 30 13 0 
17 30 13 0 
18 30 13 0 
19 30 13 0 
20 30 13 0 
21 30 13 0 
22 30 13 0 
23 30 13 0 
15 31 13 0 
16 31 13 0 
17 31 13 0 
18 31 13 0 
19 31 13 0 
20 31 13 0 
21 31 13 0 
22 31 13 0 
23 31 13 0 
15 33 13 0 
16 33 13 0 
17 33 13 0 
18 33 13 0 
19 33 13 0 
20 33 13 0 
21 33 13 0 
22 33 13 0 
23 33 13 0 
16 34 13 0 
17 34 13 0 
18 34 13 0 
19 34 13 0 
20 34 13 0 
21 34 13 0 
22 34 13 0 
23 34 13 0 
15 35 13 0 
16 35 13 0 
17 35 13 0 
18 35 13 0 
19 35 13 0 
20 35 13 0 
21 35 13 0 
22 35 13 0 
23 35 13 0 
16 37 13 0 
17 37 13 0 
18 37 13 0 
19 37 13 0 
20 37 13 0 
21 37 13 0 
22 37 13 0 
23 37 13 0 
15 38 13 0 
16 38 13 0 
17 38 13 0 
18 38 13 0 
19 38 13 0 
20 38 13 0 
21 38 13 0 
22 38 13 0 
23 38 13 0 
14 39 13 0 
15 39 13 0 
16 39 13 0 
17 39 13 0 
18 39 13 0 
19 39 13 0 
20 39 13 0 
21 39 13 0 
22 39 13 0 
23 39 13 0 
12 40 13 0 
15 40 13 0 
16 40 13 0 
17 40 13 0 
18 40 13 0 
19 40 13 0 
20 40 13 0 
21 40 13 0 
22 40 13 0 
23 40 13 0 
22 42 13 0 
23 42 13 0 
13 43 13 0 
14 43 13 0 
15 43 13 0 
16 43 13 0 
18 43 13 0 
22 43 13 0 
23 43 13 0 
24 43 13 0 
11 45 13 0 
12 45 13 0 
13 45 13 0 
14 45 13 0 
15 45 13 0 
16 45 13 0 
17 45 13 0 
18 45 13 0 
19 45 13 0 
20 45 13 0 
22 45 13 0 
23 45 13 0 
24 45 13 0 
12 47 13 0 
13 47 13 0 
14 47 13 0 
15 47 13 0 
16 47 13 0 
17 47 13 0 
18 47 13 0 
19 47 13 0 
20 47 13 0 
21 47 13 0 
22 47 13 0 
23 47 13 0 
24 47 13 0 
13 48 13 0 
14 48 13 0 
15 48 13 0 
16 48 13 0 
17 48 13 0 
18 48 13 0 
20 48 13 0 
21 48 13 0 
23 48 13 0 
24 48 13 0 
12 50 13 0 
13 50 13 0 
14 50 13 0 
15 50 13 0 
16 50 13 0 
21 50 13 0 
22 50 13 0 
23 50 13 0 
24 50 13 0 
11 52 13 0 
13 52 13 0 
14 52 13 0 
15 52 13 0 
20 52 13 0 
21 52 13 0 
22 52 13 0 
8 53 13 0 
11 53 13 0 
13 53 13 0 
14 53 13 0 
15 53 13 0 
16 53 13 0 
18 53 13 0 
19 53 13 0 
20 53 13 0 
21 53 13 0 
19 55 13 0 
21 55 13 0 
24 9 14 0 
22 10 14 0 
23 10 14 0 
24 10 14 0 
22 11 14 0 
23 11 14 0 
24 11 14 0 
22 13 14 0 
23 13 14 0 
24 13 14 0 
22 14 14 0 
23 14 14 0 
24 14 14 0 
22 15 14 0 
23 15 14 0 
24 15 14 0 
22 16 14 0 
23 16 14 0 
24 16 14 0 
22 18 14 0 
23 18 14 0 
24 18 14 0 
22 19 14 0 
23 19 14 0 
24 19 14 0 
14 20 14 0 
15 20 14 0 
16 20 14 0 
17 20 14 0 
18 20 14 0 
19 20 14 0 
22 20 14 0 
23 20 14 0 
24 20 14 0 
14 21 14 0 
15 21 14 0 
16 21 14 0 
17 21 14 0 
18 21 14 0 
19 21 14 0 
20 21 14 0 
21 21 14 0 
22 21 14 0 
23 21 14 0 
24 21 14 0 
14 23 14 0 
15 23 14 0 
16 23 14 0 
17 23 14 0 
18 23 14 0 
19 23 14 0 
20 23 14 0 
21 23 14 0 
22 23 14 0 
23 23 14 0 
11 24 14 0 
15 24 14 0 
16 24 14 0 
17 24 14 0 
18 24 14 0 
19 24 14 0 
20 24 14 0 
21 24 14 0 
22 24 14 0 
23 24 14 0 
14 25 14 0 
15 25 14 0 
16 25 14 0 
17 25 14 0 
18 25 14 0 
19 25 14 0 
20 25 14 0 
21 25 14 0 
22 25 14 0 
23 25 14 0 
27 25 14 0 
15 26 14 0 
16 26 14 0 
17 26 14 0 
18 26 14 0 
19 26 14 0 
20 26 14 0 
21 26 14 0 
22 26 14 0 
23 26 14 0 
15 28 14 0 
16 28 14 0 
17 28 14 0 
18 28 14 0 
19 28 14 0 
20 28 14 0 
21 28 14 0 
22 28 14 0 
23 28 14 0 
15 29 14 0 
16 29 14 0 
17 29 14 0 
18 29 14 0 
19 29 14 0 
20 29 14 0 
21 29 14 0 
22 29 14 0 
23 29 14 0 
14 30 14 0 
15 30 14 0 
16 30 14 0 
17 30 14 0 
18 30 14 0 
19 30 14 0 
20 30 14 0 
21 30 14 0 
22 30 14 0 
23 30 14 0 
15 31 14 0 
16 31 14 0 
17 31 14 0 
18 31 14 0 
19 31 14 0 
20 31 14 0 
21 31 14 0 
22 31 14 0 
23 31 14 0 
16 33 14 0 
17 33 14 0 
18 33 14 0 
19 33 14 0 
20 33 14 0 
21 33 14 0 
22 33 14 0 
23 33 14 0 
15 34 14 0 
16 34 14 0 
17 34 14 0 
19 34 14 0 
20 34 14 0 
21 34 14 0 
22 34 14 0 
23 34 14 0 
13 35 14 0 
15 35 14 0 
16 35 14 0 
17 35 14 0 
18 35 14 0 
19 35 14 0 
20 35 14 0 
21 35 14 0 
22 35 14 0 
23 35 14 0 
14 37 14 0 
15 37 14 0 
16 37 14 0 
17 37 14 0 
18 37 14 0 
19 37 14 0 
20 37 14 0 
21 37 14 0 
22 37 14 0 
23 37 14 0 
11 38 14 0 
12 38 14 0 
14 38 14 0 
15 38 14 0 
16 38 14 0 
17 38 14 0 
18 38 14 0 
19 38 14 0 
20 38 14 0 
21 38 14 0 
22 38 14 0 
23 38 14 0 
11 39 14 0 
12 39 14 0 
14 39 14 0 
15 39 14 0 
16 39 14 0 
17 39 14 0 
18 39 14 0 
19 39 14 0 
20 39 14 0 
21 39 14 0 
22 39 14 0 
23 39 14 0 
24 39 14 0 
16 40 14 0 
17 40 14 0 
18 40 14 0 
21 40 14 0 
22 40 14 0 
23 40 14 0 
12 42 14 0 
21 42 14 0 
22 42 14 0 
23 42 14 0 
13 43 14 0 
14 43 14 0 
15 43 14 0 
19 43 14 0 
20 43 14 0 
21 43 14 0 
22 43 14 0 
23 43 14 0 
24 43 14 0 
10 45 14 0 
11 45 14 0 
12 45 14 0 
13 45 14 0 
14 45 14 0 
15 45 14 0 
16 45 14 0 
17 45 14 0 
18 45 14 0 
19 45 14 0 
20 45 14 0 
21 45 14 0 
22 45 14 0 
23 45 14 0 
24 45 14 0 
12 47 14 0 
13 47 14 0 
14 47 14 0 
15 47 14 0 
16 47 14 0 
18 47 14 0 
19 47 14 0 
20 47 14 0 
21 47 14 0 
22 47 14 0 
23 47 14 0 
24 47 14 0 
12 48 14 0 
13 48 14 0 
14 48 14 0 
15 48 14 0 
16 48 14 0 
23 48 14 0 
24 48 14 0 
11 50 14 0 
12 50 14 0 
13 50 14 0 
14 50 14 0 
15 50 14 0 
22 50 14 0 
23 50 14 0 
24 50 14 0 
20 52 14 0 
21 52 14 0 
19 53 14 0 
20 53 14 0 
21 53 14 0 
24 9 15 0 
22 10 15 0 
23 10 15 0 
24 10 15 0 
22 11 15 0 
23 11 15 0 
24 11 15 0 
22 13 15 0 
23 13 15 0 
24 13 15 0 
22 14 15 0 
23 14 15 0 
24 14 15 0 
22 15 15 0 
23 15 15 0 
24 15 15 0 
22 16 15 0 
23 16 15 0 
24 16 15 0 
22 18 15 0 
23 18 15 0 
24 18 15 0 
22 19 15 0 
23 19 15 0 
14 20 15 0 
16 20 15 0 
22 20 15 0 
23 20 15 0 
13 21 15 0 
14 21 15 0 
15 21 15 0 
16 21 15 0 
17 21 15 0 
18 21 15 0 
19 21 15 0 
20 21 15 0 
21 21 15 0 
22 21 15 0 
23 21 15 0 
14 23 15 0 
15 23 15 0 
16 23 15 0 
17 23 15 0 
18 23 15 0 
19 23 15 0 
20 23 15 0 
21 23 15 0 
22 23 15 0 
23 23 15 0 
14 24 15 0 
15 24 15 0 
16 24 15 0 
17 24 15 0 
18 24 15 0 
19 24 15 0 
20 24 15 0 
21 24 15 0 
22 24 15 0 
23 24 15 0 
14 25 15 0 
15 25 15 0 
16 25 15 0 
17 25 15 0 
18 25 15 0 
19 25 15 0 
20 25 15 0 
21 25 15 0 
22 25 15 0 
23 25 15 0 
9 26 15 0 
15 26 15 0 
16 26 15 0 
17 26 15 0 
18 26 15 0 
19 26 15 0 
20 26 15 0 
21 26 15 0 
22 26 15 0 
23 26 15 0 
14 28 15 0 
15 28 15 0 
16 28 15 0 
17 28 15 0 
18 28 15 0 
19 28 15 0 
20 28 15 0 
21 28 15 0 
22 28 15 0 
23 28 15 0 
15 29 15 0 
16 29 15 0 
17 29 15 0 
18 29 15 0 
19 29 15 0 
20 29 15 0 
21 29 15 0 
22 29 15 0 
23 29 15 0 
15 30 15 0 
16 30 15 0 
17 30 15 0 
18 30 15 0 
19 30 15 0 
20 30 15 0 
21 30 15 0 
22 30 15 0 
23 30 15 0 
15 31 15 0 
16 31 15 0 
17 31 15 0 
18 31 15 0 
19 31 15 0 
20 31 15 0 
21 31 15 0 
22 31 15 0 
23 31 15 0 
15 33 15 0 
16 33 15 0 
17 33 15 0 
18 33 15 0 
19 33 15 0 
20 33 15 0 
21 33 15 0 
22 33 15 0 
23 33 15 0 
14 34 15 0 
15 34 15 0 
16 34 15 0 
17 34 15 0 
18 34 15 0 
19 34 15 0 
20 34 15 0 
21 34 15 0 
22 34 15 0 
23 34 15 0 
13 35 15 0 
14 35 15 0 
15 35 15 0 
16 35 15 0 
17 35 15 0 
18 35 15 0 
19 35 15 0 
20 35 15 0 
21 35 15 0 
22 35 15 0 
23 35 15 0 
10 37 15 0 
14 37 15 0 
15 37 15 0 
16 37 15 0 
17 37 15 0 
18 37 15 0 
19 37 15 0 
20 37 15 0 
21 37 15 0 
22 37 15 0 
23 37 15 0 
25 37 15 0 
12 38 15 0 
14 38 15 0 
15 38 15 0 
16 38 15 0 
17 38 15 0 
18 38 15 0 
19 38 15 0 
20 38 15 0 
21 38 15 0 
22 38 15 0 
23 38 15 0 
24 38 15 0 
15 39 15 0 
16 39 15 0 
17 39 15 0 
18 39 15 0 
19 39 15 0 
20 39 15 0 
21 39 15 0 
22 39 15 0 
23 39 15 0 
21 40 15 0 
22 40 15 0 
23 40 15 0 
20 42 15 0 
21 42 15 0 
22 42 15 0 
23 42 15 0 
27 42 15 0 
14 43 15 0 
15 43 15 0 
19 43 15 0 
22 43 15 0 
23 43 15 0 
24 43 15 0 
11 45 15 0 
13 45 15 0 
14 45 15 0 
15 45 15 0 
18 45 15 0 
22 45 15 0 
23 45 15 0 
24 45 15 0 
14 47 15 0 
15 47 15 0 
22 47 15 0 
23 47 15 0 
24 47 15 0 
14 48 15 0 
15 48 15 0 
22 48 15 0 
23 48 15 0 
14 50 15 0 
15 50 15 0 
16 50 15 0 
20 50 15 0 
21 50 15 0 
22 50 15 0 
23 50 15 0 
19 52 15 0 
20 52 15 0 
9 53 15 0 
20 53 15 0 
21 53 15 0 
23 9 16 0 
22 10 16 0 
23 10 16 0 
24 10 16 0 
22 11 16 0 
23 11 16 0 
22 13 16 0 
23 13 16 0 
22 14 16 0 
23 14 16 0 
24 14 16 0 
22 15 16 0 
23 15 16 0 
24 15 16 0 
22 16 16 0 
23 16 16 0 
22 18 16 0 
23 18 16 0 
24 18 16 0 
22 19 16 0 
23 19 16 0 
15 20 16 0 
16 20 16 0 
22 20 16 0 
23 20 16 0 
14 21 16 0 
15 21 16 0 
16 21 16 0 
17 21 16 0 
18 21 16 0 
19 21 16 0 
20 21 16 0 
21 21 16 0 
22 21 16 0 
23 21 16 0 
15 23 16 0 
16 23 16 0 
17 23 16 0 
18 23 16 0 
19 23 16 0 
20 23 16 0 
21 23 16 0 
22 23 16 0 
23 23 16 0 
15 24 16 0 
16 24 16 0 
17 24 16 0 
18 24 16 0 
19 24 16 0 
20 24 16 0 
21 24 16 0 
22 24 16 0 
23 24 16 0 
14 25 16 0 
15 25 16 0 
16 25 16 0 
17 25 16 0 
18 25 16 0 
19 25 16 0 
20 25 16 0 
21 25 16 0 
22 25 16 0 
23 25 16 0 
15 26 16 0 
16 26 16 0 
17 26 16 0 
18 26 16 0 
19 26 16 0 
20 26 16 0 
21 26 16 0 
22 26 16 0 
23 26 16 0 
25 26 16 0 
15 28 16 0 
16 28 16 0 
17 28 16 0 
18 28 16 0 
19 28 16 0 
20 28 16 0 
21 28 16 0 
22 28 16 0 
23 28 16 0 
15 29 16 0 
16 29 16 0 
17 29 16 0 
18 29 16 0 
19 29 16 0 
20 29 16 0 
21 29 16 0 
22 29 16 0 
23 29 16 0 
15 30 16 0 
16 30 16 0 
17 30 16 0 
18 30 16 0 
19 30 16 0 
20 30 16 0 
21 30 16 0 
22 30 16 0 
23 30 16 0 
15 31 16 0 
16 31 16 0 
17 31 16 0 
18 31 16 0 
19 31 16 0 
20 31 16 0 
21 31 16 0 
22 31 16 0 
23 31 16 0 
15 33 16 0 
16 33 16 0 
17 33 16 0 
18 33 16 0 
19 33 16 0 
20 33 16 0 
21 33 16 0 
22 33 16 0 
23 33 16 0 
15 34 16 0 
16 34 16 0 
17 34 16 0 
18 34 16 0 
19 34 16 0 
20 34 16 0 
21 34 16 0 
22 34 16 0 
23 34 16 0 
14 35 16 0 
15 35 16 0 
16 35 16 0 
17 35 16 0 
18 35 16 0 
19 35 16 0 
20 35 16 0 
21 35 16 0 
22 35 16 0 
23 35 16 0 
14 37 16 0 
15 37 16 0 
16 37 16 0 
17 37 16 0 
18 37 16 0 
19 37 16 0 
20 37 16 0 
21 37 16 0 
22 37 16 0 
23 37 16 0 
18 38 16 0 
21 38 16 0 
22 38 16 0 
23 38 16 0 
21 39 16 0 
22 39 16 0 
23 39 16 0 
27 39 16 0 
21 40 16 0 
22 40 16 0 
23 40 16 0 
14 42 16 0 
15 42 16 0 
22 42 16 0 
23 42 16 0 
14 43 16 0 
15 43 16 0 
19 43 16 0 
22 43 16 0 
23 43 16 0 
14 45 16 0 
22 45 16 0 
23 45 16 0 
24 45 16 0 
14 47 16 0 
15 47 16 0 
22 47 16 0 
23 47 16 0 
14 48 16 0 
22 48 16 0 
23 48 16 0 
10 50 16 0 
20 50 16 0 
21 50 16 0 
20 52 16 0 
22 10 17 0 
23 10 17 0 
24 10 17 0 
22 11 17 0 
23 11 17 0 
22 13 17 0 
23 13 17 0 
22 14 17 0 
23 14 17 0 
22 15 17 0 
23 15 17 0 
22 16 17 0 
23 16 17 0 
22 18 17 0 
23 18 17 0 
16 19 17 0 
22 19 17 0 
23 19 17 0 
14 20 17 0 
15 20 17 0 
16 20 17 0 
17 20 17 0 
18 20 17 0 
19 20 17 0 
21 20 17 0 
22 20 17 0 
23 20 17 0 
10 21 17 0 
15 21 17 0 
16 21 17 0 
17 21 17 0 
18 21 17 0 
19 21 17 0 
20 21 17 0 
21 21 17 0 
22 21 17 0 
23 21 17 0 
15 23 17 0 
16 23 17 0 
17 23 17 0 
18 23 17 0 
19 23 17 0 
20 23 17 0 
21 23 17 0 
22 23 17 0 
23 23 17 0 
15 24 17 0 
16 24 17 0 
17 24 17 0 
18 24 17 0 
19 24 17 0 
20 24 17 0 
21 24 17 0 
22 24 17 0 
23 24 17 0 
14 25 17 0 
15 25 17 0 
16 25 17 0 
17 25 17 0 
18 25 17 0 
19 25 17 0 
20 25 17 0 
21 25 17 0 
22 25 17 0 
23 25 17 0 
15 26 17 0 
16 26 17 0 
17 26 17 0 
18 26 17 0 
19 26 17 0 
20 26 17 0 
21 26 17 0 
22 26 17 0 
23 26 17 0 
15 28 17 0 
16 28 17 0 
17 28 17 0 
18 28 17 0 
19 28 17 0 
20 28 17 0 
21 28 17 0 
22 28 17 0 
15 29 17 0 
16 29 17 0 
17 29 17 0 
18 29 17 0 
19 29 17 0 
20 29 17 0 
21 29 17 0 
22 29 17 0 
15 30 17 0 
16 30 17 0 
17 30 17 0 
18 30 17 0 
19 30 17 0 
20 30 17 0 
21 30 17 0 
22 30 17 0 
23 30 17 0 
15 31 17 0 
16 31 17 0 
17 31 17 0 
18 31 17 0 
19 31 17 0 
20 31 17 0 
21 31 17 0 
22 31 17 0 
15 33 17 0 
16 33 17 0 
17 33 17 0 
18 33 17 0 
19 33 17 0 
20 33 17 0 
21 33 17 0 
22 33 17 0 
15 34 17 0 
16 34 17 0 
17 34 17 0 
18 34 17 0 
19 34 17 0 
20 34 17 0 
21 34 17 0 
22 34 17 0 
23 34 17 0 
15 35 17 0 
16 35 17 0 
17 35 17 0 
18 35 17 0 
19 35 17 0 
20 35 17 0 
21 35 17 0 
22 35 17 0 
23 35 17 0 
21 37 17 0 
22 37 17 0 
23 37 17 0 
22 38 17 0 
23 38 17 0 
21 39 17 0 
22 39 17 0 
23 39 17 0 
21 40 17 0 
22 40 17 0 
23 40 17 0 
15 42 17 0 
22 42 17 0 
23 42 17 0 
14 43 17 0 
22 43 17 0 
23 43 17 0 
14 45 17 0 
21 45 17 0 
22 45 17 0 
23 45 17 0 
14 47 17 0 
15 47 17 0 
22 47 17 0 
23 47 17 0 
11 48 17 0 
20 48 17 0 
21 48 17 0 
22 48 17 0 
23 48 17 0 
20 50 17 0 
21 50 17 0 
22 9 18 0 
23 9 18 0 
22 10 18 0 
23 10 18 0 
22 11 18 0 
23 11 18 0 
22 13 18 0 
23 13 18 0 
22 14 18 0 
23 14 18 0 
22 15 18 0 
23 15 18 0 
22 16 18 0 
23 16 18 0 
21 18 18 0 
22 18 18 0 
23 18 18 0 
21 19 18 0 
22 19 18 0 
23 19 18 0 
14 20 18 0 
15 20 18 0 
16 20 18 0 
17 20 18 0 
18 20 18 0 
19 20 18 0 
20 20 18 0 
21 20 18 0 
22 20 18 0 
23 20 18 0 
15 21 18 0 
16 21 18 0 
17 21 18 0 
18 21 18 0 
19 21 18 0 
20 21 18 0 
21 21 18 0 
22 21 18 0 
23 21 18 0 
14 23 18 0 
15 23 18 0 
16 23 18 0 
17 23 18 0 
18 23 18 0 
19 23 18 0 
20 23 18 0 
21 23 18 0 
22 23 18 0 
23 23 18 0 
15 24 18 0 
16 24 18 0 
17 24 18 0 
18 24 18 0 
19 24 18 0 
20 24 18 0 
21 24 18 0 
22 24 18 0 
23 24 18 0 
14 25 18 0 
15 25 18 0 
16 25 18 0 
17 25 18 0 
18 25 18 0 
19 25 18 0 
20 25 18 0 
21 25 18 0 
22 25 18 0 
23 25 18 0 
15 26 18 0 
16 26 18 0 
17 26 18 0 
18 26 18 0 
19 26 18 0 
20 26 18 0 
21 26 18 0 
22 26 18 0 
23 26 18 0 
15 28 18 0 
16 28 18 0 
17 28 18 0 
18 28 18 0 
19 28 18 0 
20 28 18 0 
21 28 18 0 
22 28 18 0 
24 28 18 0 
16 29 18 0 
17 29 18 0 
18 29 18 0 
19 29 18 0 
20 29 18 0 
21 29 18 0 
22 29 18 0 
15 30 18 0 
16 30 18 0 
17 30 18 0 
18 30 18 0 
19 30 18 0 
20 30 18 0 
21 30 18 0 
22 30 18 0 
23 30 18 0 
15 31 18 0 
16 31 18 0 
17 31 18 0 
18 31 18 0 
19 31 18 0 
20 31 18 0 
21 31 18 0 
22 31 18 0 
23 31 18 0 
15 33 18 0 
16 33 18 0 
17 33 18 0 
18 33 18 0 
19 33 18 0 
20 33 18 0 
21 33 18 0 
22 33 18 0 
16 34 18 0 
17 34 18 0 
18 34 18 0 
19 34 18 0 
20 34 18 0 
21 34 18 0 
22 34 18 0 
20 35 18 0 
21 35 18 0 
22 35 18 0 
22 37 18 0 
23 37 18 0 
21 38 18 0 
22 38 18 0 
23 38 18 0 
12 39 18 0 
21 39 18 0 
22 39 18 0 
23 39 18 0 
22 40 18 0 
23 40 18 0 
22 42 18 0 
23 42 18 0 
25 42 18 0 
21 43 18 0 
22 43 18 0 
23 43 18 0 
22 45 18 0 
23 45 18 0 
21 47 18 0 
22 47 18 0 
23 47 18 0 
20 48 18 0 
21 48 18 0 
19 50 18 0 
20 50 18 0 
22 9 19 0 
22 10 19 0 
23 10 19 0 
22 11 19 0 
23 11 19 0 
22 13 19 0 
23 13 19 0 
22 14 19 0 
23 14 19 0 
21 15 19 0 
22 15 19 0 
23 15 19 0 
21 16 19 0 
22 16 19 0 
23 16 19 0 
21 18 19 0 
22 18 19 0 
23 18 19 0 
21 19 19 0 
22 19 19 0 
23 19 19 0 
13 20 19 0 
14 20 19 0 
15 20 19 0 
16 20 19 0 
17 20 19 0 
18 20 19 0 
19 20 19 0 
20 20 19 0 
21 20 19 0 
22 20 19 0 
23 20 19 0 
15 21 19 0 
16 21 19 0 
17 21 19 0 
18 21 19 0 
19 21 19 0 
20 21 19 0 
21 21 19 0 
22 21 19 0 
23 21 19 0 
15 23 19 0 
16 23 19 0 
17 23 19 0 
18 23 19 0 
19 23 19 0 
20 23 19 0 
21 23 19 0 
22 23 19 0 
23 23 19 0 
14 24 19 0 
15 24 19 0 
16 24 19 0 
17 24 19 0 
18 24 19 0 
19 24 19 0 
20 24 19 0 
21 24 19 0 
22 24 19 0 
14 25 19 0 
15 25 19 0 
16 25 19 0 
17 25 19 0 
18 25 19 0 
19 25 19 0 
20 25 19 0 
21 25 19 0 
22 25 19 0 
23 25 19 0 
15 26 19 0 
16 26 19 0 
17 26 19 0 
18 26 19 0 
19 26 19 0 
20 26 19 0 
21 26 19 0 
22 26 19 0 
23 26 19 0 
15 28 19 0 
16 28 19 0 
17 28 19 0 
18 28 19 0 
19 28 19 0 
20 28 19 0 
21 28 19 0 
22 28 19 0 
15 29 19 0 
16 29 19 0 
17 29 19 0 
18 29 19 0 
19 29 19 0 
20 29 19 0 
21 29 19 0 
22 29 19 0 
15 30 19 0 
16 30 19 0 
17 30 19 0 
18 30 19 0 
19 30 19 0 
20 30 19 0 
21 30 19 0 
22 30 19 0 
23 30 19 0 
15 31 19 0 
16 31 19 0 
17 31 19 0 
18 31 19 0 
19 31 19 0 
20 31 19 0 
21 31 19 0 
22 31 19 0 
15 33 19 0 
16 33 19 0 
17 33 19 0 
18 33 19 0 
19 33 19 0 
20 33 19 0 
21 33 19 0 
22 33 19 0 
21 34 19 0 
22 34 19 0 
21 35 19 0 
22 35 19 0 
23 35 19 0 
21 37 19 0 
22 37 19 0 
21 38 19 0 
22 38 19 0 
21 39 19 0 
22 39 19 0 
25 39 19 0 
21 40 19 0 
22 40 19 0 
21 42 19 0 
22 42 19 0 
23 42 19 0 
21 43 19 0 
22 43 19 0 
23 43 19 0 
21 45 19 0 
22 45 19 0 
23 45 19 0 
21 47 19 0 
22 47 19 0 
23 47 19 0 
19 48 19 0 
20 48 19 0 
21 48 19 0 
11 50 19 0 
20 50 19 0 
22 9 20 0 
22 10 20 0 
23 10 20 0 
22 11 20 0 
23 11 20 0 
22 13 20 0 
23 13 20 0 
22 14 20 0 
23 14 20 0 
21 15 20 0 
22 15 20 0 
23 15 20 0 
21 16 20 0 
22 16 20 0 
23 16 20 0 
21 18 20 0 
22 18 20 0 
23 18 20 0 
21 19 20 0 
22 19 20 0 
23 19 20 0 
14 20 20 0 
15 20 20 0 
16 20 20 0 
17 20 20 0 
18 20 20 0 
19 20 20 0 
20 20 20 0 
21 20 20 0 
22 20 20 0 
23 20 20 0 
14 21 20 0 
15 21 20 0 
16 21 20 0 
17 21 20 0 
18 21 20 0 
19 21 20 0 
20 21 20 0 
21 21 20 0 
22 21 20 0 
23 21 20 0 
14 23 20 0 
15 23 20 0 
16 23 20 0 
17 23 20 0 
18 23 20 0 
19 23 20 0 
20 23 20 0 
21 23 20 0 
22 23 20 0 
23 23 20 0 
14 24 20 0 
15 24 20 0 
16 24 20 0 
17 24 20 0 
18 24 20 0 
19 24 20 0 
20 24 20 0 
21 24 20 0 
22 24 20 0 
14 25 20 0 
15 25 20 0 
16 25 20 0 
17 25 20 0 
18 25 20 0 
19 25 20 0 
20 25 20 0 
21 25 20 0 
22 25 20 0 
15 26 20 0 
16 26 20 0 
17 26 20 0 
18 26 20 0 
19 26 20 0 
20 26 20 0 
21 26 20 0 
22 26 20 0 
15 28 20 0 
16 28 20 0 
17 28 20 0 
18 28 20 0 
19 28 20 0 
20 28 20 0 
21 28 20 0 
22 28 20 0 
15 29 20 0 
16 29 20 0 
17 29 20 0 
18 29 20 0 
19 29 20 0 
20 29 20 0 
21 29 20 0 
22 29 20 0 
23 29 20 0 
15 30 20 0 
16 30 20 0 
18 30 20 0 
19 30 20 0 
20 30 20 0 
21 30 20 0 
22 30 20 0 
23 30 20 0 
20 31 20 0 
21 31 20 0 
22 31 20 0 
21 33 20 0 
22 33 20 0 
21 34 20 0 
22 34 20 0 
21 35 20 0 
22 35 20 0 
21 37 20 0 
22 37 20 0 
21 38 20 0 
22 38 20 0 
22 39 20 0 
21 40 20 0 
22 40 20 0 
23 40 20 0 
21 42 20 0 
22 42 20 0 
23 42 20 0 
21 43 20 0 
22 43 20 0 
23 43 20 0 
21 45 20 0 
22 45 20 0 
23 45 20 0 
20 47 20 0 
21 47 20 0 
19 48 20 0 
20 48 20 0 
21 48 20 0 
20 50 20 0 
22 10 21 0 
23 10 21 0 
22 11 21 0 
23 11 21 0 
21 13 21 0 
22 13 21 0 
23 13 21 0 
21 14 21 0 
22 14 21 0 
23 14 21 0 
21 15 21 0 
22 15 21 0 
23 15 21 0 
21 16 21 0 
22 16 21 0 
23 16 21 0 
21 18 21 0 
22 18 21 0 
23 18 21 0 
21 19 21 0 
22 19 21 0 
14 20 21 0 
15 20 21 0 
16 20 21 0 
17 20 21 0 
18 20 21 0 
19 20 21 0 
20 20 21 0 
21 20 21 0 
22 20 21 0 
23 20 21 0 
14 21 21 0 
15 21 21 0 
16 21 21 0 
17 21 21 0 
18 21 21 0 
19 21 21 0 
20 21 21 0 
21 21 21 0 
22 21 21 0 
14 23 21 0 
15 23 21 0 
16 23 21 0 
17 23 21 0 
18 23 21 0 
19 23 21 0 
20 23 21 0 
21 23 21 0 
22 23 21 0 
15 24 21 0 
16 24 21 0 
17 24 21 0 
18 24 21 0 
19 24 21 0 
20 24 21 0 
21 24 21 0 
22 24 21 0 
15 25 21 0 
16 25 21 0 
17 25 21 0 
18 25 21 0 
19 25 21 0 
20 25 21 0 
21 25 21 0 
22 25 21 0 
15 26 21 0 
16 26 21 0 
17 26 21 0 
18 26 21 0 
19 26 21 0 
20 26 21 0 
21 26 21 0 
22 26 21 0 
23 26 21 0 
15 28 21 0 
16 28 21 0 
17 28 21 0 
18 28 21 0 
19 28 21 0 
20 28 21 0 
21 28 21 0 
22 28 21 0 
21 29 21 0 
22 29 21 0 
20 30 21 0 
21 30 21 0 
22 30 21 0 
21 31 21 0 
22 31 21 0 
21 33 21 0 
22 33 21 0 
21 34 21 0 
22 34 21 0 
21 35 21 0 
22 35 21 0 
21 37 21 0 
22 37 21 0 
21 38 21 0 
22 38 21 0 
21 39 21 0 
22 39 21 0 
21 40 21 0 
22 40 21 0 
21 42 21 0 
22 42 21 0 
21 43 21 0 
22 43 21 0 
20 45 21 0 
21 45 21 0 
22 45 21 0 
23 45 21 0 
20 47 21 0 
21 47 21 0 
19 48 21 0 
20 48 21 0 
22 10 22 0 
23 10 22 0 
22 11 22 0 
23 11 22 0 
21 13 22 0 
22 13 22 0 
23 13 22 0 
21 14 22 0 
22 14 22 0 
21 15 22 0 
22 15 22 0 
21 16 22 0 
22 16 22 0 
21 18 22 0 
22 18 22 0 
14 19 22 0 
21 19 22 0 
22 19 22 0 
14 20 22 0 
15 20 22 0 
16 20 22 0 
17 20 22 0 
18 20 22 0 
19 20 22 0 
20 20 22 0 
21 20 22 0 
22 20 22 0 
23 20 22 0 
14 21 22 0 
15 21 22 0 
16 21 22 0 
17 21 22 0 
18 21 22 0 
19 21 22 0 
20 21 22 0 
21 21 22 0 
22 21 22 0 
14 23 22 0 
15 23 22 0 
16 23 22 0 
17 23 22 0 
18 23 22 0 
19 23 22 0 
20 23 22 0 
21 23 22 0 
22 23 22 0 
15 24 22 0 
16 24 22 0 
17 24 22 0 
18 24 22 0 
19 24 22 0 
20 24 22 0 
21 24 22 0 
22 24 22 0 
23 24 22 0 
15 25 22 0 
16 25 22 0 
17 25 22 0 
18 25 22 0 
19 25 22 0 
20 25 22 0 
21 25 22 0 
22 25 22 0 
23 25 22 0 
17 26 22 0 
18 26 22 0 
19 26 22 0 
20 26 22 0 
21 26 22 0 
22 26 22 0 
21 28 22 0 
22 28 22 0 
21 29 22 0 
22 29 22 0 
21 30 22 0 
22 30 22 0 
21 31 22 0 
22 31 22 0 
21 33 22 0 
22 33 22 0 
21 34 22 0 
22 34 22 0 
21 35 22 0 
22 35 22 0 
23 35 22 0 
21 37 22 0 
22 37 22 0 
21 38 22 0 
22 38 22 0 
21 39 22 0 
22 39 22 0 
23 39 22 0 
21 40 22 0 
22 40 22 0 
21 42 22 0 
22 42 22 0 
21 43 22 0 
22 43 22 0 
13 45 22 0 
20 45 22 0 
21 45 22 0 
22 45 22 0 
13 47 22 0 
19 47 22 0 
20 47 22 0 
11 48 22 0 
13 48 22 0 
16 48 22 0 
17 48 22 0 
19 48 22 0 
20 48 22 0 
17 10 23 0 
22 10 23 0 
21 11 23 0 
22 11 23 0 
21 13 23 0 
22 13 23 0 
21 14 23 0 
22 14 23 0 
21 15 23 0 
22 15 23 0 
21 16 23 0 
22 16 23 0 
21 18 23 0 
22 18 23 0 
14 19 23 0 
21 19 23 0 
22 19 23 0 
14 20 23 0 
15 20 23 0 
16 20 23 0 
17 20 23 0 
18 20 23 0 
19 20 23 0 
20 20 23 0 
21 20 23 0 
22 20 23 0 
14 21 23 0 
15 21 23 0 
16 21 23 0 
17 21 23 0 
18 21 23 0 
19 21 23 0 
20 21 23 0 
21 21 23 0 
22 21 23 0 
14 23 23 0 
15 23 23 0 
16 23 23 0 
17 23 23 0 
18 23 23 0 
19 23 23 0 
20 23 23 0 
21 23 23 0 
22 23 23 0 
15 24 23 0 
16 24 23 0 
17 24 23 0 
18 24 23 0 
19 24 23 0 
20 24 23 0 
21 24 23 0 
22 24 23 0 
19 25 23 0 
20 25 23 0 
21 25 23 0 
22 25 23 0 
21 26 23 0 
22 26 23 0 
21 28 23 0 
22 28 23 0 
21 29 23 0 
22 29 23 0 
21 30 23 0 
22 30 23 0 
21 31 23 0 
22 31 23 0 
21 33 23 0 
22 33 23 0 
21 34 23 0 
22 34 23 0 
21 35 23 0 
22 35 23 0 
21 37 23 0 
22 37 23 0 
21 38 23 0 
22 38 23 0 
21 39 23 0 
22 39 23 0 
21 40 23 0 
22 40 23 0 
21 42 23 0 
22 42 23 0 
21 43 23 0 
22 43 23 0 
13 45 23 0 
20 45 23 0 
21 45 23 0 
19 47 23 0 
20 47 23 0 
20 48 23 0 
21 10 24 0 
22 10 24 0 
21 11 24 0 
22 11 24 0 
21 13 24 0 
22 13 24 0 
21 14 24 0 
22 14 24 0 
21 15 24 0 
22 15 24 0 
21 16 24 0 
22 16 24 0 
21 18 24 0 
22 18 24 0 
14 19 24 0 
15 19 24 0 
16 19 24 0 
21 19 24 0 
22 19 24 0 
14 20 24 0 
15 20 24 0 
16 20 24 0 
17 20 24 0 
18 20 24 0 
19 20 24 0 
20 20 24 0 
21 20 24 0 
22 20 24 0 
15 21 24 0 
16 21 24 0 
17 21 24 0 
18 21 24 0 
19 21 24 0 
20 21 24 0 
21 21 24 0 
22 21 24 0 
15 23 24 0 
16 23 24 0 
17 23 24 0 
18 23 24 0 
19 23 24 0 
20 23 24 0 
21 23 24 0 
22 23 24 0 
20 24 24 0 
21 24 24 0 
22 24 24 0 
21 25 24 0 
22 25 24 0 
21 26 24 0 
22 26 24 0 
21 28 24 0 
22 28 24 0 
21 29 24 0 
22 29 24 0 
21 30 24 0 
21 31 24 0 
22 31 24 0 
21 33 24 0 
22 33 24 0 
20 34 24 0 
21 34 24 0 
21 35 24 0 
22 35 24 0 
21 37 24 0 
21 38 24 0 
22 38 24 0 
21 39 24 0 
22 39 24 0 
21 40 24 0 
22 40 24 0 
21 42 24 0 
22 42 24 0 
20 43 24 0 
21 43 24 0 
22 43 24 0 
13 45 24 0 
14 45 24 0 
19 45 24 0 
20 45 24 0 
20 47 24 0 
21 10 25 0 
22 10 25 0 
21 11 25 0 
22 11 25 0 
21 13 25 0 
22 13 25 0 
21 14 25 0 
22 14 25 0 
15 15 25 0 
21 15 25 0 
22 15 25 0 
21 16 25 0 
22 16 25 0 
21 18 25 0 
22 18 25 0 
14 19 25 0 
15 19 25 0 
16 19 25 0 
17 19 25 0 
18 19 25 0 
20 19 25 0 
21 19 25 0 
22 19 25 0 
16 20 25 0 
17 20 25 0 
18 20 25 0 
19 20 25 0 
20 20 25 0 
21 20 25 0 
22 20 25 0 
20 21 25 0 
21 21 25 0 
22 21 25 0 
21 23 25 0 
22 23 25 0 
21 24 25 0 
22 24 25 0 
21 25 25 0 
22 25 25 0 
21 26 25 0 
22 26 25 0 
17 28 25 0 
21 28 25 0 
21 29 25 0 
20 30 25 0 
21 30 25 0 
21 31 25 0 
20 33 25 0 
21 33 25 0 
21 34 25 0 
22 34 25 0 
21 35 25 0 
22 35 25 0 
21 37 25 0 
20 38 25 0 
21 38 25 0 
22 38 25 0 
21 39 25 0 
21 40 25 0 
20 42 25 0 
21 42 25 0 
13 43 25 0 
20 43 25 0 
21 43 25 0 
13 45 25 0 
14 45 25 0 
19 45 25 0 
20 45 25 0 
18 10 26 0 
19 10 26 0 
21 10 26 0 
22 10 26 0 
18 11 26 0 
21 11 26 0 
22 11 26 0 
21 13 26 0 
22 13 26 0 
21 14 26 0 
22 14 26 0 
21 15 26 0 
22 15 26 0 
21 16 26 0 
22 16 26 0 
21 18 26 0 
22 18 26 0 
20 19 26 0 
21 19 26 0 
22 19 26 0 
15 20 26 0 
20 20 26 0 
21 20 26 0 
22 20 26 0 
21 21 26 0 
22 21 26 0 
21 23 26 0 
22 23 26 0 
21 24 26 0 
22 24 26 0 
17 25 26 0 
18 25 26 0 
21 25 26 0 
22 25 26 0 
21 26 26 0 
21 28 26 0 
21 29 26 0 
20 30 26 0 
21 30 26 0 
20 31 26 0 
21 31 26 0 
20 33 26 0 
21 33 26 0 
21 34 26 0 
21 35 26 0 
20 37 26 0 
21 37 26 0 
21 38 26 0 
21 39 26 0 
20 40 26 0 
21 40 26 0 
14 43 26 0 
20 43 26 0 
19 45 26 0 
20 45 26 0 
16 10 27 0 
21 10 27 0 
21 11 27 0 
22 11 27 0 
17 13 27 0 
21 13 27 0 
22 13 27 0 
21 14 27 0 
22 14 27 0 
15 15 27 0 
21 15 27 0 
22 15 27 0 
21 16 27 0 
22 16 27 0 
21 18 27 0 
22 18 27 0 
21 19 27 0 
22 19 27 0 
21 20 27 0 
22 20 27 0 
21 21 27 0 
21 23 27 0 
21 24 27 0 
17 25 27 0 
18 25 27 0 
21 25 27 0 
21 26 27 0 
21 28 27 0 
21 29 27 0 
20 30 27 0 
21 30 27 0 
20 31 27 0 
21 31 27 0 
16 10 28 0 
16 15 28 0 
21 15 28 0 
21 16 28 0 
16 18 28 0 
16 19 28 0 
17 19 28 0 
16 20 28 0 
14 43 28 0 
15 43 28 0 
16 10 29 0 
18 10 29 0 
16 11 29 0 
16 13 29 0 
18 13 29 0 
16 14 29 0 
17 14 29 0 
16 15 29 0 
17 18 29 0 
18 19 29 0 
16 21 29 0 
16 23 29 0 
17 23 29 0 
18 23 29 0 
17 24 29 0 
15 42 29 0 
17 10 30 0 
18 10 30 0 
16 11 30 0 
17 11 30 0 
17 13 30 0 
16 14 30 0 
17 14 30 0 
16 15 30 0 
16 16 30 0 
16 19 30 0 
17 19 30 0 
17 21 30 0 
16 25 30 0 
15 40 30 0 
15 42 30 0 
16 42 30 0 
